6.072481167177002
5.996943627012706
5.93470650645077
5.907554031663721
5.890982091629285
5.861276207792424
5.818490085982184
5.805507489939807
5.809976269762208
5.815219011176826
5.817562424540106
5.826235520159052
5.85042699360917
5.85294851152348
5.853267020670224
5.863793178114534
5.888626935604205
5.91702067693898
5.94855259523556
5.984651601598386
6.021049344344398
6.059424471620085
6.099486181627645
6.128393752795624
6.15021403266648
6.1707758557840116
6.188644034087429
6.2042268501809
6.2179358138545595
6.230132709602954
6.24108794252911
6.250981956217966
6.259930407640356
6.268012133324167
6.275288907245826
6.281815251196946
6.28764130563451
6.292812569922744
6.290055290197613
6.277550331217857
6.2595423353095425
6.233147938834286
6.206503432920397
6.1860609428717
6.168967441432831
6.151850809427095
6.136275873972388
6.128927144385698
6.127074904844065
6.125883695648472
6.125146985674848
6.127497248414103
6.137945071155261
6.151658636435803
6.167163331844181
6.185460597099804
6.200411394591652
6.212875952521314
6.2243508181007705
6.238469716565366
6.25671674897774
6.274506850848149
6.287727957215381
6.288144277339763
6.2860513303761465
6.293283550791319
6.299676059554548
6.304294141234986
6.307080862377704
6.309480044241312
6.310094694109817
6.299779893582611
6.279415340487041
6.251455089100102
6.214201367663811
6.17455737271065
6.140061970525562
6.109783932992596
6.083795657209048
6.06510951011206
6.066510197588669
6.0748670552076165
6.090352927358476
6.135760759362911
6.178483866944991
6.202129559171942
6.22854827298592
6.251876898259581
6.26226906977974
6.2525314432757515
6.223373681190939
6.188265608491955
6.161789412674583
6.139159998187272
6.118677124524937
6.099481151681198
6.081050996065824
6.061500257485943
6.039473459954748
6.015821919862619
5.990948891126888
5.9651135163029005
5.938502244253563
5.914766667377788
5.89640580797211
5.88113019193423
5.8678392166112605
5.855843919387798
5.84466214329753
5.833445389953725
5.8217186434758235
5.809748644565675
5.797631495890546
5.785409920602775
5.77310278083762
5.759473695379383
5.743553427921803
5.7260687668650165
5.7073636830779595
5.687652869416561
5.667087485325781
5.6474028843904955
5.629863434957437
5.613510458213317
5.597902536773555
5.582772494344256
5.567939115900548
5.556448899109012
5.550027266559892
5.546127895109466
5.54339881146945
5.540913603590116
5.537964261965021
5.533995128417868
5.529201945246581
5.523868652646184
5.518133212310242
5.5120732211027414
5.505734690908087
5.498936368114335
5.491383723294375
5.483061252076179
5.473938150217942
5.463987665424902
5.453189470259087
5.437609377992872
5.414606405984764
5.386866027141733
5.355724890374466
5.3220420717081005
5.286431507583708
5.26007110501786
5.250395507952298
5.250406271735331
5.256792748872599
5.267474198669132
5.280959548950696
5.295407683640007
5.3099591184894654
5.3249283179554485
5.34035326287354
5.356193138053413
5.372377083584837
5.386690101428331
5.397542235842506
5.406260360752159
5.413463452817936
5.419525132051906
5.424697572001791
5.4277885735605365
5.427849716838756
5.425777038287234
5.422023890692561
5.416885487489347
5.410575761258288
5.407564543029961
5.41128742906728
5.41930467169786
5.430518575392966
5.444279330723083
5.460153512575002
5.479578321388792
5.503664585607106
5.531198417883348
5.561554827299698
5.5943239071019315
5.629207324414602
5.6600204310631
5.6818750189984275
5.698078313343423
5.7101521585356805
5.7190197881989935
5.725311169175304
5.725850106943493
5.71820445051123
5.704831448180665
5.686998986451271
5.665547341323045
5.641094254995677
5.622659245884179
5.616872032584606
5.618686648317132
5.625802033621413
5.636836368630102
5.65085280775636
5.665480035718307
5.678939565069904
5.691917698320838
5.7046385229416225
5.717190187978295
5.729602535581788
5.739730113141722
5.7459368258544705
5.749526652999359
5.751121697638284
5.751107792486646
5.749752796884952
5.74781630766874
5.745901344111108
5.743803818030738
5.741464341907116
5.7388637160154605
5.735998991502247
5.741373580662297
5.7617717146681615
5.792456225382905
5.831307977705901
5.877083251796864
5.928960955334089
5.974175295402145
6.002136697313819
6.019237997973111
6.028422225591092
6.031482092793917
6.0296453741779885
6.027265357786329
6.02758044120053
6.028867813715057
6.030406982193193
6.0317963218451025
6.032784606941873
6.034484460884225
6.037918178502575
6.042404481667855
6.047634497457292
6.053424609414688
6.059652101259522
6.070136490535021
6.087577541368322
6.109344230713827
6.134107328566286
6.160989441842861
6.189337968475338
6.2130219610333555
6.2272382404707205
6.235106300946876
6.238089590198826
6.237091730627192
6.232740580038357
6.223364547710616
6.20756685513107
6.18684711949803
6.162042975172547
6.133753004159836
6.102449877244189
6.076627014126184
6.062768864192642
6.056270422932823
6.055055525018997
6.057892869087565
6.0639628180564955
6.074283132569371
6.089331553387843
6.1075074788770705
6.127875980047713
6.149761450660746
6.17262781656177
